1.000000000000000000e+03 5.200000000000000000e+03
6.400000000000000000e+01 6.400000000000000000e+01
0.000000000000000000e+00 0.000000000000000000e+00
6.240000000000000000e+02 3.978000000000000000e+03
0.000000000000000000e+00 0.000000000000000000e+00
0.000000000000000000e+00 0.000000000000000000e+00
3.590000000000000000e+02 2.401000000000000000e+03
9.810000000000000000e+02 3.921000000000000000e+03
0.000000000000000000e+00 1.440000000000000000e+02
1.440000000000000000e+02 6.192000000000000000e+03
0.000000000000000000e+00 0.000000000000000000e+00
3.120000000000000000e+02 1.668000000000000000e+03
5.320000000000000000e+02 2.660000000000000000e+03
0.000000000000000000e+00 5.200000000000000000e+01
1.122000000000000000e+03 5.202000000000000000e+03
5.520000000000000000e+02 4.692000000000000000e+03
0.000000000000000000e+00 7.072000000000000000e+03
3.720000000000000000e+02 2.604000000000000000e+03
0.000000000000000000e+00 0.000000000000000000e+00
0.000000000000000000e+00 0.000000000000000000e+00
0.000000000000000000e+00 0.000000000000000000e+00
3.480000000000000000e+02 1.856000000000000000e+03
1.210000000000000000e+02 7.910000000000000000e+02
3.120000000000000000e+02 1.508000000000000000e+03
4.480000000000000000e+02 2.624000000000000000e+03
0.000000000000000000e+00 0.000000000000000000e+00
0.000000000000000000e+00 0.000000000000000000e+00
0.000000000000000000e+00 0.000000000000000000e+00
5.040000000000000000e+02 2.100000000000000000e+03
4.440000000000000000e+02 3.700000000000000000e+03
0.000000000000000000e+00 4.600000000000000000e+01
0.000000000000000000e+00 0.000000000000000000e+00
7.520000000000000000e+02 4.418000000000000000e+03
0.000000000000000000e+00 0.000000000000000000e+00
7.800000000000000000e+01 4.940000000000000000e+02
7.740000000000000000e+02 3.784000000000000000e+03
4.800000000000000000e+02 3.920000000000000000e+03
0.000000000000000000e+00 0.000000000000000000e+00
0.000000000000000000e+00 0.000000000000000000e+00
2.500000000000000000e+02 1.500000000000000000e+03
1.600000000000000000e+02 1.080000000000000000e+03
1.586000000000000000e+03 8.784000000000000000e+03
3.430000000000000000e+02 3.817000000000000000e+03
3.800000000000000000e+01 1.026000000000000000e+03
2.280000000000000000e+02 2.832000000000000000e+03
3.720000000000000000e+02 2.542000000000000000e+03
0.000000000000000000e+00 0.000000000000000000e+00
0.000000000000000000e+00 0.000000000000000000e+00
2.160000000000000000e+02 1.998000000000000000e+03
3.000000000000000000e+01 3.000000000000000000e+01
6.400000000000000000e+02 4.080000000000000000e+03
0.000000000000000000e+00 0.000000000000000000e+00
2.080000000000000000e+02 1.924000000000000000e+03
5.410000000000000000e+02 3.845000000000000000e+03
0.000000000000000000e+00 0.000000000000000000e+00
0.000000000000000000e+00 0.000000000000000000e+00
0.000000000000000000e+00 0.000000000000000000e+00
2.760000000000000000e+02 4.324000000000000000e+03
0.000000000000000000e+00 0.000000000000000000e+00
7.040000000000000000e+02 4.048000000000000000e+03
0.000000000000000000e+00 0.000000000000000000e+00
0.000000000000000000e+00 0.000000000000000000e+00
3.120000000000000000e+02 1.872000000000000000e+03
2.320000000000000000e+02 1.856000000000000000e+03
0.000000000000000000e+00 4.284000000000000000e+03
5.230000000000000000e+02 2.789000000000000000e+03
0.000000000000000000e+00 0.000000000000000000e+00
0.000000000000000000e+00 1.320000000000000000e+02
1.520000000000000000e+02 7.980000000000000000e+02
4.900000000000000000e+02 2.660000000000000000e+03
4.480000000000000000e+02 2.176000000000000000e+03
7.740000000000000000e+02 3.870000000000000000e+03
0.000000000000000000e+00 0.000000000000000000e+00
1.200000000000000000e+02 1.000000000000000000e+03
2.970000000000000000e+02 2.367000000000000000e+03
0.000000000000000000e+00 0.000000000000000000e+00
0.000000000000000000e+00 0.000000000000000000e+00
4.620000000000000000e+02 2.244000000000000000e+03
7.740000000000000000e+02 4.816000000000000000e+03
0.000000000000000000e+00 0.000000000000000000e+00
0.000000000000000000e+00 0.000000000000000000e+00
3.120000000000000000e+02 1.716000000000000000e+03
5.180000000000000000e+02 4.070000000000000000e+03
6.240000000000000000e+02 3.666000000000000000e+03
2.990000000000000000e+02 4.201000000000000000e+03
0.000000000000000000e+00 0.000000000000000000e+00
0.000000000000000000e+00 0.000000000000000000e+00
0.000000000000000000e+00 0.000000000000000000e+00
0.000000000000000000e+00 0.000000000000000000e+00
2.080000000000000000e+02 1.560000000000000000e+03
4.620000000000000000e+02 2.838000000000000000e+03
5.760000000000000000e+02 4.896000000000000000e+03
0.000000000000000000e+00 0.000000000000000000e+00
0.000000000000000000e+00 0.000000000000000000e+00
4.780000000000000000e+02 3.474000000000000000e+03
0.000000000000000000e+00 0.000000000000000000e+00
2.400000000000000000e+02 1.440000000000000000e+03
9.900000000000000000e+02 7.040000000000000000e+03
9.570000000000000000e+02 3.531000000000000000e+03
0.000000000000000000e+00 0.000000000000000000e+00
0.000000000000000000e+00 0.000000000000000000e+00
0.000000000000000000e+00 0.000000000000000000e+00
1.280000000000000000e+02 6.720000000000000000e+02
0.000000000000000000e+00 0.000000000000000000e+00
0.000000000000000000e+00 0.000000000000000000e+00
8.100000000000000000e+02 4.860000000000000000e+03
1.440000000000000000e+02 9.000000000000000000e+02
7.380000000000000000e+02 4.264000000000000000e+03
5.920000000000000000e+02 2.516000000000000000e+03
5.800000000000000000e+01 1.914000000000000000e+03
0.000000000000000000e+00 5.800000000000000000e+01
0.000000000000000000e+00 0.000000000000000000e+00
4.900000000000000000e+02 3.500000000000000000e+03
4.900000000000000000e+02 3.780000000000000000e+03
0.000000000000000000e+00 0.000000000000000000e+00
0.000000000000000000e+00 0.000000000000000000e+00
1.280000000000000000e+02 2.688000000000000000e+03
3.300000000000000000e+02 7.920000000000000000e+03
0.000000000000000000e+00 0.000000000000000000e+00
0.000000000000000000e+00 0.000000000000000000e+00
5.920000000000000000e+02 2.590000000000000000e+03
6.400000000000000000e+01 7.680000000000000000e+02
5.920000000000000000e+02 3.256000000000000000e+03
0.000000000000000000e+00 1.650000000000000000e+03
0.000000000000000000e+00 0.000000000000000000e+00
3.120000000000000000e+02 3.744000000000000000e+03
6.080000000000000000e+02 2.584000000000000000e+03
0.000000000000000000e+00 0.000000000000000000e+00
7.700000000000000000e+02 9.350000000000000000e+03
0.000000000000000000e+00 0.000000000000000000e+00
0.000000000000000000e+00 0.000000000000000000e+00
3.380000000000000000e+02 2.414000000000000000e+03
0.000000000000000000e+00 0.000000000000000000e+00
6.240000000000000000e+02 3.354000000000000000e+03
3.200000000000000000e+01 8.180000000000000000e+02
0.000000000000000000e+00 0.000000000000000000e+00
8.600000000000000000e+01 4.988000000000000000e+03
0.000000000000000000e+00 5.244000000000000000e+03
0.000000000000000000e+00 0.000000000000000000e+00
1.080000000000000000e+02 1.674000000000000000e+03
1.120000000000000000e+02 1.848000000000000000e+03
0.000000000000000000e+00 1.746000000000000000e+04
0.000000000000000000e+00 0.000000000000000000e+00
0.000000000000000000e+00 0.000000000000000000e+00
8.100000000000000000e+02 3.870000000000000000e+03
0.000000000000000000e+00 0.000000000000000000e+00
0.000000000000000000e+00 0.000000000000000000e+00
7.150000000000000000e+02 4.925000000000000000e+03
4.480000000000000000e+02 1.792000000000000000e+03
0.000000000000000000e+00 2.880000000000000000e+03
0.000000000000000000e+00 5.200000000000000000e+01
0.000000000000000000e+00 0.000000000000000000e+00
5.760000000000000000e+02 3.240000000000000000e+03
3.600000000000000000e+02 1.980000000000000000e+03
0.000000000000000000e+00 1.700000000000000000e+03
0.000000000000000000e+00 0.000000000000000000e+00
0.000000000000000000e+00 0.000000000000000000e+00
3.600000000000000000e+02 2.160000000000000000e+03
0.000000000000000000e+00 0.000000000000000000e+00
4.800000000000000000e+01 1.296000000000000000e+03
0.000000000000000000e+00 0.000000000000000000e+00
0.000000000000000000e+00 1.040000000000000000e+02
3.240000000000000000e+02 1.350000000000000000e+03
6.720000000000000000e+02 4.992000000000000000e+03
4.320000000000000000e+02 2.296000000000000000e+03
9.400000000000000000e+01 5.828000000000000000e+03
0.000000000000000000e+00 0.000000000000000000e+00
0.000000000000000000e+00 0.000000000000000000e+00
5.780000000000000000e+02 3.562000000000000000e+03
9.800000000000000000e+02 7.154000000000000000e+03
0.000000000000000000e+00 0.000000000000000000e+00
0.000000000000000000e+00 0.000000000000000000e+00
0.000000000000000000e+00 0.000000000000000000e+00
0.000000000000000000e+00 0.000000000000000000e+00
1.440000000000000000e+03 6.600000000000000000e+03
7.380000000000000000e+02 3.280000000000000000e+03
0.000000000000000000e+00 0.000000000000000000e+00
2.600000000000000000e+02 1.788000000000000000e+03
1.080000000000000000e+03 4.968000000000000000e+03
0.000000000000000000e+00 0.000000000000000000e+00
2.800000000000000000e+02 2.870000000000000000e+03
2.400000000000000000e+02 1.200000000000000000e+03
0.000000000000000000e+00 0.000000000000000000e+00
0.000000000000000000e+00 5.600000000000000000e+01
2.500000000000000000e+02 1.300000000000000000e+03
4.900000000000000000e+02 3.360000000000000000e+03
5.110000000000000000e+02 3.377000000000000000e+03
1.840000000000000000e+02 1.058000000000000000e+03
0.000000000000000000e+00 0.000000000000000000e+00
1.020000000000000000e+03 5.022000000000000000e+03
7.200000000000000000e+02 4.410000000000000000e+03
0.000000000000000000e+00 3.430000000000000000e+03
1.520000000000000000e+02 7.980000000000000000e+02
0.000000000000000000e+00 7.200000000000000000e+02
3.970000000000000000e+02 2.699000000000000000e+03
7.360000000000000000e+02 3.404000000000000000e+03
4.200000000000000000e+02 3.010000000000000000e+03
1.906000000000000000e+03 1.101600000000000000e+04
4.620000000000000000e+02 2.508000000000000000e+03
0.000000000000000000e+00 6.900000000000000000e+02
3.480000000000000000e+02 1.798000000000000000e+03
3.000000000000000000e+01 6.600000000000000000e+02
0.000000000000000000e+00 6.000000000000000000e+01
4.900000000000000000e+02 2.730000000000000000e+03
1.200000000000000000e+01 5.280000000000000000e+02
0.000000000000000000e+00 1.392000000000000000e+03
0.000000000000000000e+00 0.000000000000000000e+00
4.900000000000000000e+02 2.450000000000000000e+03
6.080000000000000000e+02 3.040000000000000000e+03
1.166000000000000000e+03 7.102000000000000000e+03
9.600000000000000000e+01 1.584000000000000000e+03
3.360000000000000000e+02 1.624000000000000000e+03
0.000000000000000000e+00 0.000000000000000000e+00
0.000000000000000000e+00 0.000000000000000000e+00
0.000000000000000000e+00 0.000000000000000000e+00
0.000000000000000000e+00 6.000000000000000000e+01
0.000000000000000000e+00 0.000000000000000000e+00
0.000000000000000000e+00 9.880000000000000000e+02
1.612000000000000000e+03 7.316000000000000000e+03
0.000000000000000000e+00 3.800000000000000000e+01
3.600000000000000000e+02 3.240000000000000000e+03
9.300000000000000000e+01 1.635000000000000000e+03
9.720000000000000000e+02 5.788000000000000000e+03
4.620000000000000000e+02 2.574000000000000000e+03
0.000000000000000000e+00 0.000000000000000000e+00
3.800000000000000000e+01 8.740000000000000000e+02
3.600000000000000000e+02 4.860000000000000000e+03
0.000000000000000000e+00 5.184000000000000000e+03
0.000000000000000000e+00 0.000000000000000000e+00
0.000000000000000000e+00 4.558000000000000000e+03
4.340000000000000000e+02 1.922000000000000000e+03
0.000000000000000000e+00 0.000000000000000000e+00
1.344000000000000000e+03 6.048000000000000000e+03
9.600000000000000000e+02 5.760000000000000000e+03
0.000000000000000000e+00 0.000000000000000000e+00
2.521000000000000000e+03 1.259900000000000000e+04
4.500000000000000000e+02 2.678000000000000000e+03
2.820000000000000000e+02 5.264000000000000000e+03
2.200000000000000000e+02 4.932000000000000000e+03
0.000000000000000000e+00 1.650000000000000000e+03
0.000000000000000000e+00 0.000000000000000000e+00
0.000000000000000000e+00 0.000000000000000000e+00
2.880000000000000000e+02 2.808000000000000000e+03
8.460000000000000000e+02 3.008000000000000000e+03
0.000000000000000000e+00 0.000000000000000000e+00
0.000000000000000000e+00 0.000000000000000000e+00
4.000000000000000000e+01 1.040000000000000000e+03
4.340000000000000000e+02 2.232000000000000000e+03
3.470000000000000000e+02 4.081000000000000000e+03
4.680000000000000000e+02 3.432000000000000000e+03
0.000000000000000000e+00 0.000000000000000000e+00
6.560000000000000000e+02 3.034000000000000000e+03
0.000000000000000000e+00 0.000000000000000000e+00
4.760000000000000000e+02 3.060000000000000000e+03
0.000000000000000000e+00 0.000000000000000000e+00
0.000000000000000000e+00 0.000000000000000000e+00
0.000000000000000000e+00 0.000000000000000000e+00
0.000000000000000000e+00 0.000000000000000000e+00
0.000000000000000000e+00 0.000000000000000000e+00
8.100000000000000000e+02 4.320000000000000000e+03
0.000000000000000000e+00 0.000000000000000000e+00
1.066000000000000000e+03 8.870000000000000000e+03
6.440000000000000000e+02 3.588000000000000000e+03
0.000000000000000000e+00 0.000000000000000000e+00
0.000000000000000000e+00 0.000000000000000000e+00
1.600000000000000000e+01 5.200000000000000000e+01
0.000000000000000000e+00 0.000000000000000000e+00
1.612000000000000000e+03 6.696000000000000000e+03
0.000000000000000000e+00 1.144000000000000000e+03
0.000000000000000000e+00 0.000000000000000000e+00
4.340000000000000000e+02 1.922000000000000000e+03
2.500000000000000000e+02 1.300000000000000000e+03
0.000000000000000000e+00 0.000000000000000000e+00
0.000000000000000000e+00 0.000000000000000000e+00
0.000000000000000000e+00 0.000000000000000000e+00
0.000000000000000000e+00 3.800000000000000000e+01
7.560000000000000000e+02 3.528000000000000000e+03
1.260000000000000000e+02 1.260000000000000000e+03
5.760000000000000000e+02 3.600000000000000000e+03
4.840000000000000000e+02 3.476000000000000000e+03
6.570000000000000000e+02 4.203000000000000000e+03
0.000000000000000000e+00 0.000000000000000000e+00
3.120000000000000000e+02 1.612000000000000000e+03
7.570000000000000000e+02 4.193000000000000000e+03
3.800000000000000000e+01 9.120000000000000000e+02
4.620000000000000000e+02 3.168000000000000000e+03
9.800000000000000000e+02 4.410000000000000000e+03
9.400000000000000000e+02 4.324000000000000000e+03
3.800000000000000000e+01 9.120000000000000000e+02
0.000000000000000000e+00 0.000000000000000000e+00
0.000000000000000000e+00 8.360000000000000000e+02
0.000000000000000000e+00 0.000000000000000000e+00
5.190000000000000000e+02 3.297000000000000000e+03
0.000000000000000000e+00 0.000000000000000000e+00
1.440000000000000000e+02 9.360000000000000000e+03
0.000000000000000000e+00 0.000000000000000000e+00
2.300000000000000000e+02 1.104000000000000000e+03
1.200000000000000000e+02 2.040000000000000000e+03
8.030000000000000000e+02 5.453000000000000000e+03
0.000000000000000000e+00 3.400000000000000000e+01
8.880000000000000000e+02 5.260000000000000000e+03
0.000000000000000000e+00 0.000000000000000000e+00
7.030000000000000000e+02 3.749000000000000000e+03
2.800000000000000000e+02 1.792000000000000000e+03
4.340000000000000000e+02 2.046000000000000000e+03
6.630000000000000000e+02 3.927000000000000000e+03
0.000000000000000000e+00 0.000000000000000000e+00
1.600000000000000000e+02 7.600000000000000000e+02
0.000000000000000000e+00 3.102000000000000000e+03
1.680000000000000000e+02 1.276800000000000000e+04
5.920000000000000000e+02 2.960000000000000000e+03
5.320000000000000000e+02 2.780000000000000000e+03
0.000000000000000000e+00 0.000000000000000000e+00
0.000000000000000000e+00 0.000000000000000000e+00
7.920000000000000000e+02 3.960000000000000000e+03
0.000000000000000000e+00 0.000000000000000000e+00
0.000000000000000000e+00 0.000000000000000000e+00
0.000000000000000000e+00 0.000000000000000000e+00
0.000000000000000000e+00 0.000000000000000000e+00
0.000000000000000000e+00 8.360000000000000000e+02
5.070000000000000000e+02 3.973000000000000000e+03
0.000000000000000000e+00 4.200000000000000000e+01
4.570000000000000000e+02 2.739000000000000000e+03
3.600000000000000000e+02 2.040000000000000000e+03
0.000000000000000000e+00 0.000000000000000000e+00
9.000000000000000000e+02 5.700000000000000000e+03
5.200000000000000000e+01 5.720000000000000000e+02
0.000000000000000000e+00 6.572000000000000000e+03
0.000000000000000000e+00 6.200000000000000000e+01
7.920000000000000000e+02 4.928000000000000000e+03
0.000000000000000000e+00 9.800000000000000000e+01
6.040000000000000000e+02 2.828000000000000000e+03
0.000000000000000000e+00 0.000000000000000000e+00
1.210000000000000000e+03 4.840000000000000000e+03
1.380000000000000000e+02 1.150000000000000000e+03
1.140000000000000000e+02 8.740000000000000000e+02
0.000000000000000000e+00 0.000000000000000000e+00
0.000000000000000000e+00 0.000000000000000000e+00
4.440000000000000000e+02 2.738000000000000000e+03
0.000000000000000000e+00 0.000000000000000000e+00
5.560000000000000000e+02 3.092000000000000000e+03
0.000000000000000000e+00 0.000000000000000000e+00
1.000000000000000000e+03 4.400000000000000000e+03
7.560000000000000000e+02 4.368000000000000000e+03
4.180000000000000000e+02 2.846000000000000000e+03
0.000000000000000000e+00 0.000000000000000000e+00
0.000000000000000000e+00 0.000000000000000000e+00
9.200000000000000000e+02 4.140000000000000000e+03
0.000000000000000000e+00 0.000000000000000000e+00
7.360000000000000000e+02 3.680000000000000000e+03
1.026000000000000000e+03 9.462000000000000000e+03
0.000000000000000000e+00 0.000000000000000000e+00
0.000000000000000000e+00 5.200000000000000000e+01
0.000000000000000000e+00 0.000000000000000000e+00
5.920000000000000000e+02 2.442000000000000000e+03
4.620000000000000000e+02 3.036000000000000000e+03
0.000000000000000000e+00 5.600000000000000000e+01
4.480000000000000000e+02 2.240000000000000000e+03
3.200000000000000000e+01 8.320000000000000000e+02
2.280000000000000000e+02 2.362000000000000000e+03
1.160000000000000000e+02 2.088000000000000000e+03
5.400000000000000000e+01 1.836000000000000000e+03
7.400000000000000000e+01 2.294000000000000000e+03
0.000000000000000000e+00 0.000000000000000000e+00
0.000000000000000000e+00 0.000000000000000000e+00
7.920000000000000000e+02 3.608000000000000000e+03
